   0.160537    0.315293
  0.0574161    0.244007
  0.0393248    0.229027
  0.0224919    0.214358
 0.00682444    0.199737
-0.00772076    0.185126
 -0.0211687    0.170581
 -0.0253714    0.165807
 -0.0294577    0.161039
 -0.0334276    0.156287
 -0.0372824     0.15155
  0.0899961    0.169946
   0.077442    0.163667
   0.089647    0.473392
   0.056335    0.432314
   0.025343    0.395523
 -0.0034482    0.362773
  -0.030154    0.333822
  -0.054885     0.30844
  -0.077743    0.286416
 -0.0988241    0.267535
   -0.11821    0.251611
  -0.135982    0.233974
  -0.152186    0.201906
  -0.166896    0.185314
  -0.180156    0.168391
  -0.192007    0.151111
  -0.202488    0.133538
  -0.211619    0.115757
   -0.21945   0.0978509
   -0.22598   0.0798922
   -0.23019   0.0659657
   -0.23365   0.0520996
   -0.23639   0.0383205
   -0.23841   0.0246567
   0.087846    0.172324
  0.0297512    0.135837
  0.0198721    0.127818
   0.010603    0.119689
  0.0019484    0.111504
 -0.0060908    0.103305
  -0.013518   0.0951379
  -0.020337   0.0870489
   -0.02139   0.0857359
  -0.022426   0.0844299
  -0.023447    0.083129
  -0.024453    0.081833
  0.0621899     0.32843
  0.0391104    0.309334
  0.0176239     0.29041
-0.00229685    0.271705
 -0.0207304    0.253096
 -0.0381407    0.233487
 -0.0554188    0.211766
  -0.071548    0.191138
 -0.0857471     0.17254
 -0.0983242    0.154992
   -0.10951    0.138089
  -0.119398    0.121772
   -0.12805    0.106043
   -0.13551   0.0909171
   -0.14183    0.076432
   -0.14705   0.0625827
    -0.1512   0.0494327
   -0.15435    0.037004
   -0.15653   0.0253348
   -0.15759   0.0167806
   -0.15812  0.00867513
   -0.15814  0.00102655
   -0.15767 -0.00615099
  0.0537802    0.268766
  0.0343971    0.253018
  0.0161349    0.236899
-0.000929237     0.22055
 -0.0167474    0.204121
 -0.0313143    0.187748
  -0.044656    0.171458
 -0.0568127    0.155261
 -0.0678211    0.139199
 -0.0777155    0.123452
 -0.0865299    0.108382
  -0.094298    0.094421
   -0.10105   0.0816835
   -0.10684   0.0698367
   -0.10963   0.0635627
   -0.11214     0.05745
   -0.11438   0.0514853
   -0.11635   0.0456964