    0.0025   -0.0013    0.0013    0.0028
   -0.0013    0.0008   -0.0008   -0.0015
    0.0013   -0.0008    0.0008    0.0015
    0.0028   -0.0015    0.0015    0.0031
    0.0002   -0.0000    0.0000    0.0002
   -0.0000    0.0016   -0.0016   -0.0016
    0.0000   -0.0016    0.0016    0.0016
    0.0002   -0.0016    0.0016    0.0018
    0.0001   -0.0006    0.0006    0.0006
   -0.0006    0.0053   -0.0053   -0.0055
    0.0006   -0.0053    0.0053    0.0055
    0.0006   -0.0055    0.0055    0.0057
    0.0020   -0.0008    0.0008    0.0024
   -0.0008    0.0009   -0.0009   -0.0015
    0.0008   -0.0009    0.0009    0.0015
    0.0024   -0.0015    0.0015    0.0036
    0.0001    0.0004   -0.0004   -0.0003
    0.0004    0.0017   -0.0017   -0.0013
   -0.0004   -0.0017    0.0017    0.0013
   -0.0003   -0.0013    0.0013    0.0011
    0.0026    0.0024   -0.0024   -0.0003
    0.0024    0.0039   -0.0038   -0.0018
   -0.0024   -0.0038    0.0039    0.0018
   -0.0003   -0.0018    0.0018    0.0015